# unix_time, cycles_done, cur_path, paths_total, pending_total, pending_favs, map_size, unique_crashes, unique_hangs, max_depth, execs_per_sec
1602583214, 0, 0, 1, 1, 1, 0.52%, 0, 0, 1, 2666.67
1602583219, 0, 0, 252, 252, 1, 1.39%, 27, 0, 2, 3014.01
1602583224, 0, 0, 312, 312, 1, 1.48%, 42, 0, 2, 3662.15
1602583229, 0, 13, 351, 349, 49, 1.51%, 49, 0, 3, 4535.60
1602583234, 0, 13, 380, 378, 49, 1.54%, 54, 0, 3, 4854.20
1602583239, 0, 36, 392, 389, 60, 1.54%, 58, 0, 3, 5096.78
1602583244, 0, 38, 400, 396, 61, 1.55%, 60, 0, 3, 3862.26
1602583249, 0, 38, 411, 407, 61, 1.55%, 62, 0, 3, 4229.85
1602583255, 0, 46, 420, 415, 62, 1.55%, 65, 0, 3, 4183.52
